0.023126125822462523
1.3959037024727052
-0.07285393681138344
-0.33632070603087316
0.576639349406806
-1.8673658952192786
0.6578012912662556
0.9706965819901594
0.4240892844887282
0.8699619903207065
0.5460347685069608
-0.6129512598075257
0.2536540929756215
-1.3223594021685092
-0.16059485619782274
1.0051765028704593
-0.3791611048689368
0.05457790793302806
0.8685866658383579
-0.5224126320800867
-0.49901016888972205
-0.42151496397492505
0.8451984839393002
1.271955436619644
-1.5002747232000868
-1.0115376346534108
1.84127577610066
1.0846675655669635
-0.19113629821064723
1.0990141545893817
1.3392967979984263
-1.5573803871359337
0.23922904604582226
-0.4756602661593025
0.9673132028329945
0.4010397411424838
0.5127529114316968
-0.43570971335376807
-0.26557628705503794
1.3471651473124122
0.9637201286776488
-0.21013670134336654
-1.5298036029701387
-0.7373395024549627
-0.10829461967492134
0.73270598117603
1.4194030558987056
-0.4794877586405831
0.8824080995839102
0.35211196088246
0.10943899566391894
-0.6862679033250064
1.584084138356063
-0.6768156321217936
1.2719459875093155
-0.9369795522896881
-0.5119738715302576
0.289203842891855
1.0559484397641452
-0.26370898789517533
-0.3510771174662008
0.6134875432158787
1.1022253727293443
-2.6930696721020384
0.30638975282574415
0.995644916169852
0.1907396085248292
1.449500384343034
0.3483884821558324
0.0256813648143553
3.747438473511042e-05
0.49883284294692326
-0.7368412997521773
-0.137763128159338
-0.6723230572090393
-0.6337174478524017
1.298825466463433
-1.0523403858907747
-1.7622556846375104
-1.0050457995864355
0.35798703563323525
-0.050539448207858995
0.47093060179954316
0.1730672627313024
0.4060212948889348
-0.5759149920363469
-0.023685651443030805
0.4413574596231818
-0.8249019375913424
1.9340894005854357
0.8934046464932706
0.13646417792546434
0.985656071873695
-0.9461760771781027
-1.703089256807235
-0.15586217249685388
-0.9763228706790684
1.109111432922882
-0.5971780537612473
0.7697046113767081
1.5412260759904088
-0.1731236851159485
0.09798590459863883
-0.9661522224131472
-0.743519916929764
-0.5446413966955315
1.1545395465799038
-1.0507425412754567
0.6548327588366611
-0.14177752911805663
-0.9870881093888716
0.6355807209750208
0.7750773240295832
-1.274029550579479
1.5732368458534587
1.5964344759913227
-0.7091791603665524
0.45216892853093016
-0.5114379186247735
0.6409874012390199
-1.0528476213000313
0.9597062545113324
0.8393445583474569
1.8252497105080643
-0.0008449032321617771
2.7303892424473544
2.247881053067566
1.3973678617718226
-1.780660622372646
-1.3795753303801561
1.4563846099063125
-0.7544834026134067
1.6777462123275162
0.7070969493393942
3.4277449475440354
0.7558898955141395
-1.2249222677752
-0.5041658032490072
1.357603472614256
0.042131801700578564
1.4801877454887267
0.1677324098338699
0.38915726274384516
0.05345314503833042
0.5221811696280315
0.5273086019092444
0.4056229896990477
0.20185607238049097
0.8934828530814781
-0.23991195071274762
-0.0699524385833568
0.24140278649785687
-0.6249008494017708
-0.953577358003631
0.007049793096160191
0.4193805166588998
0.5718185814747557
-0.394453496211202
0.0816239404825358
-0.7254061257360294
0.9535621729218874
-1.3195463669138638
0.4640047594933055
-0.09471464662108625
0.7629687156270444
-0.5510543932588761
-0.2265921880835935
-0.3347723334374004
1.270315105672894
0.46980830457601824
-0.207368107460415
1.6163881132806965
0.823363284620708
1.1205215325842577
-1.210294394544702
-0.7468341904943476
-0.9735543967254647
-2.521749713327282
-1.8974678919301704
-0.0299232714012604
-1.563668682675454
-1.5143955587930562
0.2271960396682064
-0.5465373497611048
-0.43441779239683226
0.40931666565271235
-0.028085905277550855
-0.026981808642267326
1.1338643833741509
-0.5399748885412463
-0.3431381497792403
0.2149218391334085
0.2967219303492034
0.5829358180599061
-2.3412206553666155
1.3742191856100505
-0.9819623961337062
-0.8560901647227985
0.8165499264247718
0.6347786174876948
-0.2389607996046541
0.09287321187822203
-0.4983738624480677
0.09343654479857122
-0.36986366085599437
0.15378393099308135
0.7637175475507335
1.5098944631370335
0.24733093995171399
2.426680941186229
0.5467128022195573
-0.9180905267080396
-0.5563693001132992
-0.5205739710994474
0.25070744871603456
-0.24276970366177728
-0.9604813061551081
0.46538891555939554
-0.22028609546248118
-0.355416959487093
1.3577049706741335
0.2105057256115537
0.3099073031057756
0.7616699345446595
0.11072683715235966
-1.9604615402059935
0.2677558251214643
-1.528882810598261
-0.864979625130142
-0.21414888311191493
-0.3743006708437713
0.03202815813808728
-0.0029404774115846413
-1.3583352183233028
-0.8726232436852114
-0.7994762022954374
-1.9240332053493752
-0.061834178323455925
-0.34727986034171
-0.28193319721846516
0.026376835714696054
-1.1202234071591488
0.8964211546973174
-0.6894188657741781
-0.21262159191054464
-1.8704947107467331
-0.7599654874480162
-1.1012012525378334
-1.26263652483994
-0.14458650651490879
-1.197286892575561
0.14580223920792937
0.2865795694284174
-0.4118163946639405
-0.8076986645502747
0.7512234248123792
-0.9587134092735901
-0.5904299157593873
-0.42740660736830893
1.7439964889835535
-1.3848811201130569
0.41402735584338723
0.1395210216897027
0.20001188273681672
0.8201184805066949
-0.4048997088580081
-0.27923978032958924
-0.13270776433987397
-0.09854508682000757
0.35798615498793807
-0.4734731295218726
0.7945972704603956
-1.8182037311843977
0.39877621392246637
-1.0428207357844974
0.09113654556752875
0.7105755876631867
-1.1942242005452315
-1.5138832030520903
0.8419161523736353
-0.6580181055602641
0.7063005172398827
0.8587031425291045
0.8660009463263854
-0.363623886525965
-0.2873007461468088
-2.130124097075115
0.027338090928480083
1.1627944408884985
0.19205212622719928
-0.3233811825711585
-0.34230758514179566
1.9446588608131705
-0.3111032189436368
0.8944605037092935
0.5861168901850566
0.11156889630042986
1.1128058178312294
-0.30290264333327044
0.055078623838993146
-0.030992740637874938
-0.6707389690350979
-0.1504009626138913
-0.6833588872604375
-1.2377240602000719
0.33382141863538406
0.6978166861730031
-1.5317409724151865
-0.6439120840955395
-0.48816396836584436
0.5102860718704584
-0.3361721071277344
0.7687388054139833
-0.28983952266954705
-1.4265216982730962
-1.2988309060494785
1.8079492012153613
0.4393861728831281
-0.6792827477812029
-0.01788117142660766
-1.3288417380215845
-0.31874261544076754
-0.9836642118022367
-0.10417855135398439
-0.4234822989594774
-0.09410385440267233
1.6115296503935415
0.9398757878340578
0.945432473654134
0.42474564644486595
0.494320494011395
1.3858782106924334
-0.1277762427351495
-0.12888134999970124
1.9351758245954627
-0.6978270370170853
1.1326861853799457
0.3599495079329304
0.5241018568300904
-0.8403720870238929
0.674162593776083
1.1637881415376925
-0.6465605671397645
-0.263881410852588
-2.0117582915269354
0.4658242469110989
-2.249641200310128
0.23093073111963075
-0.03792764719929539
0.8865973238670607
-0.10034797411023397
-0.9929506822990214
-1.3169370984003386
-0.0717345370249649
-0.29341847062255366
0.5694210643666064
1.493719661194793
-0.13733822097300027
-1.0878315481150427
-0.49294422622731565
-0.21594056845370174
-0.7952423491094813
-1.109532033423313
0.48413946031130983
-0.1959410435086724
0.5779747419734899
-1.3091231785583313
0.23861521137409317
-0.8849364421632213
0.08655654267353508
1.4812229526875935
-0.6020489736145908
-1.2741909412113779
0.39819455898834916
-0.6573251220640882
-0.5116287846748798
-1.7918955820477822
-0.2784038335794297
-1.2058584200423903
0.24000050653362773
1.0827787148981376
0.6246560580040285
0.07634383484926943
-0.1893483135995468
-0.8499742262073896
-0.7161693508852836
-0.2897863849959097
-0.31505894526662254
0.38578080811904136
-1.3193850165631666
0.4621581464494952
0.08664751668727258
1.7366125915356907
0.6901261222504639
1.3390804754095424
0.03820637994730203
-1.6513059845942586
-0.5580500867276421
-0.40345365456516413
0.2970246870713898
0.04313317285821842
0.9288278392179465
-1.0062424709368802
0.5491181292202286
-0.4827262233485532
-0.022321461755986965
0.30531070412948974
-1.0058516479688817
-0.4852430373248021
0.7227888185198019
1.254883219324765
-0.09261244712996518
-1.4215415125912563
0.7297814396139124
0.5506607560040767
-0.9748189530403336
0.5282627053347977
0.6202709340603065
-1.102176371799859
1.115615930257649
0.07350291936740558
0.13722798547500323
0.5280402027905251
0.2732130485723308
0.042792001746145336
1.5027665227636728
-1.445207211319218
-1.1744067193103094
0.10799984757207137
-0.1989602139483695
-0.5967293697781377
-0.9022848205640838
-0.7813447330171228
-1.4026677482909977
-0.14844232573306693
0.615374786345247
0.02247679741188393
0.13477406189307903
0.7525757503776
1.6107376351603508
-0.6127743949807912
0.5756344649791337
0.972188698068888
-0.8516378135108126
0.2632793177634082
0.01505371709880806
-1.5736507537150994
2.5520087231016326
-0.47969826017482764
1.0147902432064557
0.8613769489767841
-0.04554066614373558
-0.29310920368710414
0.15048375959271224
2.0589568027145377
0.5351982820588506
0.5780387403007212
0.4004976957410805
-0.9484844477351205
0.006019531226713331
-0.6684414996624151
-1.2294613866876873
0.5207197425177044
-0.7778895352164931
-1.4253461090063164
-0.5412463279052042
1.327096573500449
1.2183613083773615
-1.206142681839268
-0.6430168139487518
1.5276952595918916
-0.7789361512740516
0.7880317661634699
-0.17327225819103365
-0.43864639563023783
0.18676497263096672
-1.5038998869958236
0.012619497868834413
1.3326825035523473
1.5018945191543205
-1.070026715011299
0.0773916341184829
0.6747621057743645
-0.8172899669518034
0.06042891476618211
-1.3725399001042053
0.7138058290840512
-0.24889469115500681
-0.5731827669456281
0.6653266735584494
0.8436833202243621
-0.7129302546095969
-0.6503894148527494
-0.2496427700533994
1.708717502968376
-0.5672849326858596
0.3145308693874221
0.0320839273592154
-0.001152864547853804
0.4659873970716252
1.1519053176390885
-0.2413417639640647
-1.013573936408668
1.2387407795681742
-0.3954556518718568
-0.26642521932472474
-0.22727361996256185
-0.4915159520226444
-0.4241511530478585
0.26410688753666856
-0.19915668460741398
1.2761448992981512
-0.45066582485213225
-0.099341453855458
0.7212708296080748
0.1294952444150446
-0.3664599166031464
-0.2999004071335862
0.2197585480611621
0.47089624117952683
1.1148807023587868
0.8764557639655365
0.7644595397050933
0.42971059467249184
-0.4186296979410008
0.2714262121697098
0.1042642424036544
-0.3215195732536231
0.637393957101561
-0.5079051942434902
-0.6214904901366485
0.5873220795889266
-1.3153049096146403
-0.711128708716034
-0.3224230456785322
0.46109147218717605
0.068811000976381
1.8269108983319395
-1.2423417610843546
0.57504832437101
-0.760197698755427
0.9846205463873317
0.6165228661057235
-0.8998852201093293
0.22707548229644442
0.3230181817610079
-0.668203237109503
1.7404400310683592
0.020373786623718273
-1.5634368075948406
-0.8498720329686614
0.8867208353338549
-0.31070478509988875
2.1794889429828603
0.5647305650713264
0.1157530620848827
1.4537995298330548
1.2815250707413726
1.374570020397853
-1.2388676503258977
-0.1814768620030227
0.5982433732656416
-0.12505521841904962
-0.24994235637344145
-1.7725193188315216
1.2268711958552136
0.36567252733128175
-1.104803868692072
-0.4880004971240677
2.44502315922362
0.35747791709170024
1.0520386218185942
0.7612207726063611
-0.7485233810804648
0.3084597073601127
0.29122218502282676
1.0214567003094563
0.21030329210377896
-2.4520691267668635
1.4465682637278023
-1.5097986915385049
-1.709365027068263
-0.6477925118921484
0.09084266946830216
-1.0978695842352204
-0.7781478763228379
-0.6844748737462013
0.4848492885131238
1.0816348567217964
0.9820910882808745
-0.5955134835486771
0.427056878328172
-0.9200820853117249
0.3625671579794458
0.6813714771995533
-0.5653362411440196
-0.05156296221781296
0.8929363802740149
0.4754531173286414
-0.8339143451086644
-0.575627811077732
0.08449553784799858
1.1871234658547807
0.47492731094843166
0.6226861768577878
0.2985151128634035
-0.4004479716885618
-0.4929384046008099
-0.3059251839607957
-1.0418258096673987
-1.4039682180811965
-1.4606630793629483
0.654232259247277
-0.11987425957013723
-0.5168695605631924
0.5102117242670193
1.5761214620706359
0.20362095405860953
-0.7700088463851378
-1.8461076234398848
0.8063331141653106
1.37309222199581
-0.7689082918624875
-1.4784074503835059
-0.8762364750687841
-1.3023917912104082
-0.6045800057052034
0.7497905340168564
-0.8937819670145312
0.584343125053034
0.794198350450567
-0.7836542431102947
0.28605333450951853
-0.5205444666503768
1.0559514353205797
-0.8797435653004789
0.7794699027830101
-0.11496874412067623
0.55461180370436
1.197339098682979
0.27593614426738255
-1.0614554239934595
0.2552973406225337
1.1413259932171635
-0.37431727903485523
1.5182340648869044
1.1792219403109756
-0.012835217298621075
1.115002647031596
-1.7078574990490512
-0.2009074320201006
-0.9369294426486562
-0.5899786087934422
0.3256308722772221
-0.7241266354631188
1.3566565033239497
1.2365204451369578
0.6824512333687934
-1.1230570077936641
-0.79784183196779
0.3101895416739108
2.3375823854939544
-0.3911821772973154
0.663034529338772
-1.7680681519669936
-2.0335680380096672
0.7766590237161436
0.944691200093509
0.3374055489159262
-0.36659665793325036
1.3350033602031666
-0.7385766963559842
-0.8835026730023999
-0.9195386624811678
0.1301151480853405
-1.3640500937410542
0.04159696367031901
-1.0331429596868356
-0.8561902847528557
-0.13409374253395268
0.16578721101205873
0.8298751492557991
1.291099794584673
-1.8412134955622421
-0.32844732844197877
0.512717695703897
0.6398950285517725
0.7545091312417338
-1.1378854542271721
-0.03837395832393417
0.8607800832501923
-0.9111095719049022
-1.498749660850479
-0.0763794450509307
0.7028540310782466
0.8482750362485717
1.115480057087782
-0.3780376958163086
-0.6037716600755716
0.7291010555873838
-0.41796209507256804
-0.39729287343255093
-2.1658253448210423
1.3147094586305195
-0.08383226331370792
0.62505594223409
-0.1577613306325704
-1.0858888390177999
-0.4837930299358867
-0.38655872810932057
1.5532436381098826
0.11814787031957504
-1.5626244526259891
1.1784192100817636
1.587842328800919
0.559111416508537
0.6774485475752243
0.41730995958207445
1.0187253410227821
-2.3546267559972023
-0.22064994220112832
-1.8462574519710804
0.8492985559286307
0.7725183461659115
0.3151415091355736
0.09273770903655483
-0.45633825703753983
-0.1792148589447188
0.4332934649489965
1.6548845075893233
0.784026399037265
-0.2691681423944682
0.37649351336628767
0.9434091915121552
-1.4520319874904977
-0.6119432366080053
-0.5824769260618752
-0.25276156671151684
-1.778901977438743
0.545413549775587
-0.6769106328522728
-0.9244026282527603
0.5866991604451967
0.9606030321677094
2.4494979209293604
-0.423487052317929
0.21310808675820314
0.3753202133418387
1.1369023939191347
-1.4456734474447417
2.496982549419608
-0.35109509735256444
1.6834208091972236
-0.6799423200761391
0.2521058943004856
-1.3551560435392809
0.10872484384078901
0.49699743774134386
1.234623991140137
0.24437939378216822
-1.1559549326459082
-1.6875204152753904
-1.1420695994215917
0.8174378927770308
0.05593681208387255
0.00959654175390752
-1.397472678412599
1.865123687737277
-0.9392220772878304
-0.9162325140231226
-0.021844409673796573
0.6425080580053605
-0.25258040260857995
0.8753677415725691
-0.4388908199482898
0.08891566827791564
0.7251932031362369
-0.5684045793277916
0.0500375172739613
-0.44999572567532636
0.5575639929145648
0.2500969219464565
-1.374095353836014
-0.8746455612392222
-0.2018802478794608
0.7822604124125059
-0.8807028005046963
-1.4587082215974476
0.09066689854049256
0.482229632857474
0.026074336214486182
-0.5278562512076201
1.0152155219710386
1.9241683311868303
-0.7607405192402299
1.526616773335863
0.5461312887558181
-0.20150201099274445
0.4355417856218606
0.8478405314004304
-0.29668224632639945
-1.0278246880587314
-0.3562789418305101
0.5999787747988051
-0.07713168043867759
1.4173590665088858
0.7947012489145121
-0.8505220338383049
-0.5698413542036422
-1.0666682869747495
0.020532923237331746
0.2941894932933016
-1.2070438282928586
-0.6022859440106074
0.30875612695223226
0.405419618211394
-0.34369910464475645
-0.9942194084894462
-0.45606955758619183
0.5148907126315613
0.6289612600862994
-1.1932718292511335
0.5292974963627365
-1.0980596836666667
2.1841670979160734
0.8301522383159152
0.3628444925034797
0.09901412262706588
0.5760407566751665
1.219775360521137
-1.0170205939029664
1.2156792051877043
-0.7560255399183851
-0.69987140770631
-0.12061474645311913
-1.3516718268374277
-0.4637976671298141
-0.893138859486462
-0.8513254614035237
-0.3927714092839431
-1.5127539452766834
0.5087936863396617
-0.43914037173385057
1.358086706782103
-0.39962683147529604
0.013101580310535833
0.18575605438803225
-0.9624326901056053
-1.4641344157098202
-0.36419929659950184
0.5437358550265259
1.26726650624143
0.07111515756104282
0.3841566193442669
-1.23801004093515
-0.30144306767025214
-1.4665986029885836
-0.04922813458128401
-0.13783379215432634
0.20424996741485688
-0.8078678251443373
-0.4215125466726869
-0.249315067985155
0.25916616346833726
0.08114506676338641
-0.8155122013673043
-1.7184812299967152
0.9267660596492074
-1.3258183151628105
2.17943182634778
0.7706402216382009
1.45324631777664
-1.0548918355086672
-0.47874008741781165
0.29954174599194877
1.1467789984366068
-0.04091179449799815
0.14320133334930188
-0.4395569864576505
0.030437262326168626
1.0015648796631826
0.11113902168017155
-1.189792307079704
0.3526918892310618
-1.3166328910758263
-0.6819427212167765
0.03346504155435171
-0.4023722679272831
0.9110335623606065
0.06881334716654705
0.5163881972670944
-1.5038243001328357
0.20260577216595776
1.7752893557057086
1.8051282288842487
-0.081616312719454
-1.970630666324853
1.49611025917166
1.2983991153188317
0.6372204142815506
-1.2512440382471512
0.3544726340377872
-0.3261417163702764
0.04265400155801774
0.5115275501040176
0.30098841802139237
-0.9882600759983355
0.17489533929279516
-0.49867906543811935
-0.8304725362636507
0.33246285919831753
-0.6056803324145912
-1.1366455101081574
0.7308140546378565
-0.2816823572071769
1.0494764207129996
1.0820452117861343
0.8485461738288306
0.8432661607394054
1.9539962496193475
0.42956072650651134
-1.2185101082478318
-1.0139171646649383
-0.06454003402962244
-0.42717375595506835
1.7018689070165791
0.5551355833703494
0.2899479948397799
1.1545346616629173
0.059413814467430826
-1.7088777811378815
-0.9342355583411788
1.8084723338841866
-1.647270733343882
0.9308552911297046
1.125631108984401
0.8656778375202157
2.1665440415173807
1.0412270453091574
-1.6642344015898456
0.27500354261095095
-0.408462049492702
-2.250945324844215
-0.8577803036029825
-1.7793728523427728
-1.3785704912877212
2.1350406663349863
-0.009773010217589516
0.6419451882249534
1.317292788064968
-1.4542734001421183
1.1239966463193838
-0.9861495559842735
-1.1583793407360892
-1.2472972328310727
-0.6198984040904402
0.8990738358504102
-0.6716293651135906
1.0956872976620935
-0.754343371403051
1.106305475447448
-2.7346976563181546
0.6631234235583301
-0.703366513640128
1.1304447683272638
0.8036774244733936
-0.006704718730745968
-1.2930428209148404
-0.6751050749343488
0.5573359953297701
-1.3964387156929203
-1.0659277919742558
1.5124892761671977
0.5512532329363219
-1.427196593712435
-1.7556106196828496
-0.4286595522872466
-0.8807897520741431
0.2618317308077328
-1.1886189868546277
0.22114516675715168
-0.6137850614573095
-0.04214009790233218
-1.9999038364755786
0.44867870723860653
0.5028676786382807
0.4475348512914362
-2.690170306716748
-0.8272565507777742
-0.07383418265480336
-0.8753407745352798
0.46792904050838435
-0.203973115086738
1.0003620236427375
-0.9752961113265738
0.5505617063444864
0.6241772787214406
0.9249901934867127
0.07994074513611818
0.17737892160547158
0.1251016637822525
1.758410294007917
-1.13352446261952
0.20129753250195653
-1.7223553277937909
-0.26176986821330833
-1.0896981110762245
-0.3669601214254091
0.6427051780699335
-0.5698858310698678
-1.560141051395653
0.5287730224236392
0.3475581824954235
0.1759093555569247
0.44803711550926095
-2.057943744564197
0.6403581810326942
-0.955804342660705
1.0283619038977752
0.5407660981445328
-0.19570578903327449
-0.49416212267963633
1.991546285158673
-0.005715410738516891
5.448396126372896
5.041544370702291
4.638316353850826
6.080112316583198
4.1590256324359345
3.558429621901188
5.120250408604516
4.213329890031394
4.477265080538502
4.859142697191503
4.744971687050153
6.197915676906719
3.5611047359363717
5.137632949261053
5.323666493514212
6.977148391637517
4.081484383289701
4.2799619059799205
3.127828429548684
3.661906205000149
4.143016882160837
4.677412714124356
5.571379733741107
5.744866028507647
3.962030391825175
5.12947378948724
7.088547797652596
5.0135263547230124
5.441734380364364
5.202761817840674
3.7655434986519882
5.0605422328325975
2.99602082825908
5.283576404767947
4.188005157709507
5.341738868659692
4.554455959663966
4.638008358314936
5.006260109413247
6.773085598399449
5.008939911975209
8.166224282785752
4.864424805884817
4.18791258576697
5.744389962656063
4.192883893493033
5.730086717763655
4.359381727263643
6.347873275362064
5.244584451553783
4.178726960316949
3.4978129321598233
4.5910676558121475
5.822657774146147
6.221585464949561
6.459914767548886
5.3865549328748115
5.163249950988756
2.4176173606183107
3.785827158729454
3.890613322934785
6.05028718764349
5.367890197642266
6.551756263300974
4.49204364321738
5.030297364499704
4.051194729111375
4.791876612665045
5.817819515846706
5.430574510800526
4.264300845613322
7.655558636216803
5.141634582943062
4.187094719290422
6.7540446295239525
4.050986267283476
6.101495839893737
6.5636017822121735
3.6539449651519225
5.012653407731256
4.059253890463821
6.578082565247646
3.852859808444905
4.390232698124892
3.889549351430647
4.58022192783457
4.101636698797786
5.429452854856432
4.091918922805507
4.0319711917096805
6.009145948877277
5.780554157302623
4.76767890685011
4.627891096293856
3.7448210008364073
4.5266557405722345
3.552419158676566
4.311672266652167
5.6841419827340385
6.035076504692718
3.5057118261418125
4.428182353484093
4.31132334846742
4.982509897790222
5.939939856731781
4.9761172281050365
4.9104160245524024
4.79994767016228
4.570120106746315
5.234319206732248
3.743512061459073
3.17444030085528
4.7527289746347705
3.970286666178039
3.480075213056113
4.163328860044977
3.2466497833221175
4.56697750432176
6.0763347208646845
5.257845205604817
6.063866313201895
4.643266679416002
4.80112166530418
5.0865455750796
5.523270604830319
5.738331023325709
4.753998366268724
5.115600249754313
5.904309355023784
4.290263128113355
7.806596372225164
5.566107032563223
3.9003989847436564
8.231930676645113
5.621792095012909
6.750913908806557
5.670142517511708
5.496394441646978
5.2159705989086955
3.8484045590158975
5.1381097373245
4.755004621332043
5.95355412707832
4.735330822204268
5.687289509872482
5.440237684415247
6.521260187103737
5.4906907640190585
4.657176496300371
5.130116037927959
5.721310993978448
5.663952588836721
5.155884470683627
6.618208224052585
7.218688477362888
6.140399338324981
3.9265222344728308
5.864131358263891
4.6826091559954355
5.554406970272892
4.121412037358472
6.213493605951976
5.8905231807491765
6.011378754706045
4.70585115758793
4.748627034397171
3.7845991208512024
4.467418981252544
6.867211536425314
4.257849409574187
5.478048693176261
4.902998711945707
5.722321466720807
5.5828465512720795
5.540515024126877
4.6633537548522455
3.241852561141032
6.050203010714696
5.970068208323761
4.481921550892383
4.684442341433042
4.788504312224541
5.901542461641965
6.577665083910954
3.518256844312666
4.769760189454047
4.926463655508216
3.9182973305507605
4.0964883927919855
3.5085180030892085
5.09297890750305
6.224533304142309
3.8122363365616945
5.278079256502136
7.9386477063707135
3.879165467898172
6.038626829204706
5.488501134227507
4.505600938275404
4.731725635234906
4.5686795801397135
4.802614428520445
5.827566311322175
5.340596887826515
5.361334217627048
4.422883123580088
6.6531365148781125
6.025972470012127
5.511785262354157
4.108196235006947
5.397074064012543
3.4683830228197285
4.657921744129905
4.851056179239299
4.636266562594638
4.895484936215085
4.90196214867077
6.284809776591952
5.312990867121535
5.600434184303127
4.070918919238449
5.85737155501755
5.805766862415469
5.925653714083859
5.868452412583219
5.172202510254911
4.167663448419098
3.6783997689523718
5.865565304430142
3.9884424577494473
4.384318441061436
4.808595572939898
4.852287831295191
6.888150462231773
6.86124907137617
5.268486640020701
6.599101666480881
5.990790777559344
5.118932693836035
4.535400101133265
4.385688261915859
6.428223659623832
5.879512885769609
4.659097307350709
3.921024788979828
3.9163279097004216
5.0911596720473105
5.076224850277502
5.919096251284943
4.557009908625688
4.486544046522827
3.253697686269445
4.873150771109292
2.601953910935254
5.792207502387439
3.822714791248384
6.332566258553221
6.0770897073475405
4.356250129231672
3.5213515964007556
5.49741817505905
3.8618812044441655
5.360425846716008
6.392367838585452
2.870573107382886
5.354579015783048
5.187335387735806
4.143407419811247
5.509648579040974
4.026498120319228
4.094306874150474
3.830686591940532
4.893767017825205
5.531448693010162
4.765631409434751
3.243262759135906
4.555045780306098
3.8634608401934187
5.6083063087790705
6.723820119951166
6.05925999877143
4.703142149758196
6.307704325726646
5.705502352359523
5.095051550045449
3.5573570019493204
4.36847748595252
4.0274231528474775
5.252797012771559
3.77674863349725
5.829036677462282
6.118072860346411
5.4219598126260795
4.637420632256947
3.9181369494281766
5.652698503885182
3.7112527889027547
5.483690937921938
4.239473916554875
3.163080536332613
6.116272980900446
5.312639035895486
5.913348825476982
5.046685889636631
4.218185960420704
4.695167276406993
3.173162875099004
4.5239204747057356
5.2409461976986496
4.090157280453332
3.8291545259588564
4.059301595519166
5.240632336497107
5.324901879421568
5.279903017982713
4.782562843394342
5.634183431354512
3.9757848323097424
4.195812931278524
4.592753372147061
3.389824685916273
4.4591437656935184
4.78409863690013
5.082760631237828
3.834567969949445
4.408382988380873
5.864418808344758
6.06775380795282
4.565477072220807
3.7704376730336286
5.510295473143281
7.1365838943372335
5.060981788197437
5.598402021440629
4.588387501799117
7.2327002059238374
5.22852578974565
3.852792062449613
4.7349347031810165
6.278115199571219
4.068822277423846
4.548470621362632
4.011232187124609
5.425590019877718
5.493991284448377
5.284058598830746
3.7742358576837476
4.164020878528394
6.18439547067299
5.561666807555801
6.438574212632178
4.54988176747407
6.04105102742913
6.174410507227451
5.688425833957244
3.5060173970500745
3.659799032306927
4.033301488337724
4.731390705314052
4.399258627092272
3.992324368873438
3.7603639151726624
4.959480528731932
6.830403612008767
5.291439778813246
3.6885945230467674
4.4308540171833695
6.067756747639271
4.909358226716772
4.973437034843751
5.277932677714575
4.874595800327049
4.760945837986379
4.619608572667039
4.319632498790318
5.210342429055437
4.394638284161874
4.271815447754071
3.9316445979027366
5.445971890510218
4.03527234144277
4.5031027596703685
4.132230569176816
5.80058942008149
4.066283884191685
4.701093514241693
5.39125737297068
6.258367091900877
6.610527434192353
4.523092787261889
4.1860670811351675
5.393662280342512
6.049095373795192
4.187794335971156
5.855770982632122
5.0118466320285435
6.289589740391254
4.5542980097324826
5.162976169474623
4.2945063460175374
4.66085824427984
5.5204939561270185
4.379743017654343
5.014079710524357
3.8579573265869103
7.330568296138449
3.3847552173192224
5.402850123429689
4.222100005510979
4.428981440344355
4.75247555183931
3.4966675060739463
4.265783448349795
3.675441699450888
4.501618392022229
4.918028607380559
5.507645248519859
4.231707058866997
5.526110226797835
5.882602641989435
5.240252052337007
3.7167250370588607
6.6416380858651465
5.252709392826595
4.240589288191676
4.267706939898957
5.581130689781564
4.955508264320359
4.479111350483676
5.06941198707167
5.111424985197376
5.53427887903972
4.397726659573682
4.499234075167006
4.230811860033416
4.611041040203581
5.199737781893293
4.081001192358849
3.736478884891228
4.22725097938582
3.7812045161373398
4.173338572231003
3.5352379006710715
4.040918176607657
4.949255676840987
6.622704627292065
4.66371902901312
4.2006989028013395
3.352508058898768
4.792024829238623
5.140276844217117
3.9648681909238763
5.950008571008413
6.093898403341482
4.436209899506006
4.267126390091457
4.046974180730679
5.257874785541685
3.8738762593690104
4.85764770967809
5.330396177175575
2.9213953331995857
3.3681897006707344
4.970275890908203
5.038604836744223
5.2682724366283535
4.123211872945419
3.7903836101313044
3.7117853971664343
5.5743559106710325
3.3652697626075723
4.196171668719463
4.875291832379218
6.427425696277588
5.56045826867293
7.056873956513446
5.197373990920923
6.1276495462651335
5.132758096773267
4.096948004567291
5.4581778091499435
3.6297816665778493
5.174287889263966
3.901607384142664
6.303333880679609
5.2434499467365745
4.313264881016885
4.232605871198301
3.6149416277345727
6.234422321802317
5.958992061025992
5.06714915006846
4.008677441727079
5.339357563903911
3.9592901201865423
5.850214670021268
3.909797249675779
4.0306275942487275
5.326469652623257
6.296514782019871
3.547248246090942
4.463405450751782
4.195285146477693
4.107374688018523
4.972723421351991
3.386755707751029
5.35152399790817
5.474337180787825
4.5415361788059
5.215271292842472
3.9939783461801874
5.071879800662963
5.4016040519158945
5.006536780726648
5.050590977533701
4.87868430279267
5.153594039623451
6.086571259897607
5.05997037064858
6.472551157655059
4.113029654198569
3.713270685395094
7.130880464073368
6.2875127664358414
4.535115235515815
5.128957508826361
6.022346845398912
4.455659073962021
4.236052173771199
4.830038098852433
4.113822305982862
5.280682937613304
4.202975084903227
4.666828064953116
4.734970375691556
5.206060740350692
2.705898497837093
4.97668471716949
6.231066153383571
5.917098978374139
4.51305855249437
4.104570492774008
4.963841839789358
6.969023550023543
5.671837159231928
5.464079519589358
3.285679960129567
5.083190488812308
3.9359085873357316
5.057176118635857
4.014665561322778
4.510313712746853
4.407871098272497
3.91260078757177
2.916417117869832
4.2851126297543845
4.739464586708416
4.623254476516931
5.449691119624613
4.961050943848637
2.7226693448751966
5.716245208849193
7.064509733600756
4.0875078902047335
5.584486906056309
4.310673932092565
7.413988485811882
6.732833419146689
5.209600251785357
4.6222402653358925
4.836462619579428
3.2970451653378636
2.65525227324422
7.070410032749746
4.098706060881105
5.500393669554778
5.212377013540191
4.577063175427367
6.477530012029409
6.584114581388145
5.35249812696818
4.524197923208678
6.077545365575867
5.525772317632303
7.387122832678376
4.03754528372177
6.709001242130705
5.180776989515133
5.179371385324911
5.277660703655648
5.374865633601463
3.3507453750261984
6.184401798348783
4.177665637108509
6.792751754673789
4.248389727435332
4.834012723710155
5.887433263284574
4.827457929094288
3.7551946910447755
4.78559358013932
4.989795195358274
5.696448467449761
2.875395393809
3.6997410982575336
5.508902844745814
3.7110800433707696
4.656255121748768
4.458606535125856
4.948718421939412
5.530738133279358
4.683884464231361
5.6130966488356515
4.882193724737699
5.307158566060764
4.753953333879879
5.0168217679953955
4.166524545443286
6.657082450722534
4.65633757645463
6.13940443736856
3.2733047909953865
2.8241814299204506
4.100163591430659
4.9921223349534465
6.440372914704399
5.5684270735923125
5.561160417065014
4.447215748173856
4.656140373019892
5.581211234596266
5.589416396814536
5.51564615281229
6.063098226970917
5.291579417921479
5.835135665260892
5.168076798089539
4.111556825174977
4.872428313328846
4.7847821647974484
3.3821422583709007
5.3190456828357995
4.780621691259353
5.41873514063698
6.764617846728807
3.7642913890760976
5.664540584810207
5.368129137882701
3.385008788156662
3.8489074185409895
4.943057333742433
5.271165759139032
4.731044920297645
3.9010301859447525
5.907459541714008
5.263375746765685
5.138987840691494
2.9893312769811624
5.187991542431937
3.9845592795544293
3.187276339104822
4.693178666035415
5.560220601976174
4.248019717909057
6.084656214450494
4.9276120029162955
4.713439950138446
4.773640736074772
6.321141738507948
6.37593908370532
6.489629401152669
4.0810978025267195
5.777113315635522
5.496131303032197
5.789299571703216
5.59638792441336
5.23315686674985
6.62053531524664
3.352910131420491
3.9595177289697365
3.4094492365501683
3.2956626510368285
4.922476685711341
4.769508232376525
4.494483268037278
2.5850544938745506
6.80131170251221
4.83581852497003
4.907144640052827
6.533779732190581
4.630975054362331
5.931060359149817
5.276285162787781
4.861632991139399
4.686433640965397
3.6862093301509273
4.22201328517311
6.884187260285236
4.164214680981962
3.6137679824281514
3.6910229426220185
4.316829173617486
4.418795664909736
5.48423590053956
5.147527902899655
7.319309477401503
4.698673800219933
6.558507594658731
3.8036731730804605
6.317779229097065
5.766001250996201
4.480262085493036
4.063296070510727
5.120917475625344
5.373411899844306
6.286961148083759
3.809162818274556
5.332901643594051
3.4527147037193444
4.224663602898888
3.8071202922215375
5.637685243949687
5.546588792555331
5.50206894092199
4.032262647393031
4.264997046671211
5.454377925119741
5.836288616733885
6.340267677549072
1.981265707162668
4.33557433767498
3.4529750765413443
4.01771502086897
5.447945065277675
5.545381876035474
5.041525644257142
3.5141753579433526
6.34815642398793
4.951974800358019
5.729019300607088
8.197835733238929
5.206798358709444
6.186652673658043
3.8463268157507318
5.565895318726268
3.5798520275937977
4.142420936618846
4.605525793020492
5.735746958634791
5.934026037722343
5.947354064039456
6.311535825637838
4.43082398320379
5.343083748653564
4.910369784532564
3.85247769814529
4.437263856100789
4.782161851067165
4.141308193665284
4.852105041322231
5.560047241875516
4.540821584909681
2.0594435214144315
3.7947305466915866
5.6601449059921025
4.631493773172251
5.160197303848803
5.105370296524631
4.153181567212981
5.614777386530938
5.053279040086783
4.445745608421244
3.102917688145662
4.692262633235757
5.289122370201997
5.716797203383547
6.3135258270550825
4.196574661482214
5.280777345765678
4.0710212880008
5.203167036894687
4.6138580786112735
5.664173251903756
4.145605853561121
5.0321822814434976
5.796683232662703
5.911614157956306
4.025663005012803
5.298975207800903
3.864177162753229
4.949827462411116
3.7675175960864133
5.76733949137567
5.885474038846165
5.000488424796254
3.7991816543671435
4.796756626347936
4.636846805093678
3.8103516593624245
4.803480805253482
5.371618559675213
5.82505115503246
5.27712805964909
4.567782585724983
4.824452767187051
3.7242824666904
4.247638303160314
6.356527133356528
6.2979192444740715
3.8503162645497198
5.891429804601736
6.0935763917855095
4.685677896091212
4.527437425486503
2.5959263740784517
3.584202948038236
5.0132109212405185
4.94455682874867
5.3060677287313895
5.008093656728606
5.22357319466485
3.3802028713168655
7.515576983052765
7.378407372979415
3.4965111373169346
4.684043756227491
5.421772313306554
6.953198715912222
3.916287508846507
6.01829481844508
3.475428437093725
4.530047529440057
4.370783532845898
6.0621163689364685
2.989528970427055
4.780408473415302
7.545584800353155
7.249184533962651
5.859013045898855
5.172376342219825
4.2809934142860415
3.720599822569648
3.99894707839952
3.7419613530245925
2.890552724812919
5.9305341041249005
5.507857600606943
2.700681513665057
6.581457743281642
5.964155853735657
6.919641413577336
5.649676592995565
3.596318139604127
5.8013916542244575
5.312272614900705
4.308896396906473
3.7173734029770453
5.028454509973197
5.63750574995424
5.331629874073981
3.8461721624013023
4.865954105162147
5.444399433581339
3.7709847948814805
3.8426285295872673
3.811154962817241
5.094523954369522
5.421698605094987
3.9534630281805705
5.886859183096297
4.675311878231688
5.107925704834035
5.946709556702754
4.41138789572162
4.7800805740096814
4.272882793740482
5.039875998939344
6.3152070996108485
3.9670609393074066
6.03295073555003
4.188832195185297
5.845422407054916
5.845205794247471
5.5716819707073775
5.075633182087876
4.46388883702232
3.3316039275126537
5.260115401479549
4.3503930682077945
3.0272321860399876
4.35718470076445
5.834663557302698
5.815085836447909
2.75839774406446
4.659706548338336
5.967798997474725
4.0570561165768915
6.08654049752493
5.714575042728801
3.4472466991854342
5.965146761410544
4.509972173032632
5.763057154787921
5.223995953570011
3.5966692482636606
5.3605798518485
3.9890590516471214
5.397314752613799
3.9360595987201945
5.547116582321829
4.434070331513017
5.577587451813343
4.379176993066371
6.268399816986043
4.031802047558448
6.303148327988305
4.4685209721137
5.227735827554927
5.147861009613782
4.094324181967443
4.994626234119505
4.294587334244478
4.990227752341834
8.022441326270094
4.525139722653179
5.758111666880503
4.358561691411567
5.089804925266932
5.1112010370831715
4.525026476252651
5.828272491971274
3.875818801707918
5.472637682836489
5.240748866255091
3.763707588090524
5.01599829809425
4.7000678965309834
5.126440864402741
6.068727337460195
5.655114212690568
4.481980042163739
4.473971329247146
6.286236007804778
4.398159306107232
3.9124412646949898
4.829864365303662
5.038634705299569
7.799171575210933
5.283905972691487
4.05409218960707
5.016343431427069
6.654465322850371
6.913115642567812
3.298564043157538
4.7441596701591155
4.396731307059183
5.463631046440824
4.923796886849377
5.484205165091834
3.282954544030963
4.6696453470208725
4.19029641780003
5.953609860672428
5.8511014902583245
4.689755175424526
5.568838057337132
3.0399987612080945
3.740486409146151
3.13679244572289
3.8776826831623388
4.784121231566783
5.564683202323441
5.54993190715784
4.204990801257842
6.791767617779106
6.004919863107749
2.946808990668885
4.2120580202002005
4.313135844519151
5.221726960553197
5.736518959670926
5.201305310034805
6.0699421424641145
4.395325925673271
4.986287373170299
3.44383082848293
4.572603100777037
7.567143471790129
4.972858337103081
5.0964273668683395
4.233317482997168
4.468178092753683
2.798561946579287
4.534315106869403
3.6778197700992408
5.792928404658544
5.549970615766117
4.869182145911778
3.332397475137943
5.491289032589148
5.390446373006807
7.215223512226642
3.3079460708790895
6.439233808698478
5.338664790973405
4.192907662420765
4.717018372450739
6.658230555032906
4.340036536229063
4.381325503303707
5.09516429083393
5.031330799469633
3.897110625697023
5.549307033686745
3.531535025321318
4.312700086000014
6.987216385258583
4.588723015733369
5.8531928511171865
6.365849534632829
6.901780477362567
5.39707152880062
6.054282026659157
5.536967355831789
